age	mileage	price
15	167607	7078
7	399609	9181
8	214518	15213
10	102888	15970
4	73443	32920
11	85183	19985
10	303938	8301
7	419158	8838
6	44829	27764
1	336415	22310
17	30697	14734
5	469852	5543
5	56187	28713
6	121491	24856
10	62166	20481
6	317307	15104
11	251857	9266
2	39935	34947
10	26289	19763
9	239231	11210
13	456302	500
9	115425	20686
11	392384	2883
10	30052	22710
10	366293	7747
15	44427	11740
5	373427	17288
12	392706	500
2	488289	15257
8	170340	18927
9	148050	16012
9	459594	4077
7	311194	10899
6	184694	20750
4	469476	9666
13	117181	16182
6	391380	12723
8	362104	7749
11	389858	2635
6	375293	10580
7	56352	23671
6	427698	9128
9	157706	16953
11	158731	16085
16	283915	500
7	146367	20039
1	310963	18605
20	424912	500
14	228901	5628
13	491958	500
5	98562	26820
8	382323	5582
3	120848	29656
9	351987	6108
7	479159	1302
1	219523	26144
13	455850	500
9	301638	13075
9	200157	17639
15	102608	8754
6	317139	15056
10	98969	15526
1	442559	16974
7	342699	8170
13	354629	2425
9	218280	17473
8	366179	8276
9	370199	9456
14	372753	500
1	64256	31354
9	422769	6299
5	100302	27204
8	245527	14952
6	289673	13953
6	133394	24082
5	280787	17204
15	186372	10475
14	190459	7390
9	252790	16503
1	193471	31823
10	44438	21963
5	386921	12334
9	163140	19780
8	222052	14227
12	246223	8661
3	30085	32929
15	460026	500
5	5540	30316
1	218424	26354
5	271716	19467
1	246637	20991
13	191655	4805
15	425046	500
7	423443	4492
7	492041	4414
12	315523	9146
10	390387	3445
6	243620	20580
6	393075	11427
5	497812	8128
4	53479	26606
12	132607	14739
1	420962	16208
4	284930	20312
12	175268	14846
8	480894	4320
1	119284	28031
1	212580	26778
24	122186	500
6	282222	14574
8	341504	6983
12	19613	19936
11	309709	7496
15	70013	13721
11	329657	6762
16	308817	1527
7	210708	21152
12	467557	500
9	688	27038
3	63579	31170
9	157542	21206
1	179407	27505
19	298495	500
5	469301	8521
1	213568	24854
5	436501	5385
10	101579	17681
5	497865	6169
8	166928	17067
3	313242	19222
3	341382	16098
4	121713	24545
4	196108	19470
6	217421	22516
1	389014	20309
8	335104	9541
1	182003	27954
2	142073	27500
18	23786	9731
10	223735	14407
2	296174	20574
12	19983	19804
3	139679	26998
25	283609	500
8	362642	11481
5	138778	23715
4	40153	28004
9	127683	17184
11	201496	12107
3	190328	28373
8	74186	21495
5	204905	21177
13	443493	1243
15	127540	8061
13	165515	9472
6	177132	20040
8	277436	15460
10	136969	14078
2	60997	35442
6	241591	19060
11	62990	20981
8	151947	18168
10	101785	21942
7	413923	7022
10	438117	4885
12	131540	14263
6	79479	26712
15	424209	500
11	212011	11132
13	247130	4313
13	336556	5522
11	197907	10058
9	228610	16956
10	498327	500
2	196085	28040
12	113536	13971
9	397641	7979
2	164169	27558
13	399706	500
1	329516	23003
3	44400	33928
6	160656	22659
12	489224	500
11	288106	7270
7	121322	24756
10	222953	11673
7	174625	19372
2	170868	32627
9	92394	19700
6	100127	27038
9	32931	25210
7	28873	29137
9	278799	9867
10	137383	15662
6	312471	13990
12	406171	500
9	278402	10998
10	9443	23779
4	413363	8409
10	272972	13081
17	3756	13277
14	405019	500
13	121761	10210
4	204549	20526
9	383564	5088
4	356151	13020
10	461049	500
5	380915	11285
8	450983	6229
10	164382	16649
9	290704	8490
9	473938	801
17	98177	10691
6	170068	21185
8	40703	26873
2	154444	28873
9	498903	1320
8	363440	5784
2	371703	17103
1	389734	21010
5	174997	22231
16	266867	2008
5	251265	18374
6	303005	12090
10	153911	15056
8	364322	6914
7	420575	7094
11	218931	11558
10	460965	500
6	116854	24369
12	294245	5220
9	349710	7133
9	135748	15973
14	440067	500
7	462692	3942
7	41931	29685
8	381008	7775
2	431953	15505
18	201308	5045
15	129409	8874
14	969	19558
13	136047	13820
11	303700	6901
9	309838	9302
8	32279	26127
15	39383	15924
8	354546	8829
9	2132	26044
6	196237	20191
7	29670	29933
4	234409	21986
8	300493	11702
15	15984	15585
8	368554	7896
14	364264	500
9	18926	24070
13	181877	9915
2	60427	33921
2	300071	21948
2	267829	25972
6	234922	19137
9	79984	21915
14	445283	500
12	223751	10952
7	56269	28994
1	78295	30933
18	418035	500
9	134991	18058
11	271742	9382
12	229934	11528
13	21790	16201
6	328885	13651
3	442443	11677
4	405928	10987
5	148260	25529
14	232837	8487
7	337914	10614
1	242856	22192
8	454655	3675
8	91465	21638
5	120579	25222
15	446377	500
11	387059	4776
5	389851	13313
8	360423	8669
9	94963	16555
6	395141	10596
6	400516	8843
4	417308	13644
1	308152	27583
10	292339	3978
12	156502	11992
1	39874	37339
13	335619	500
5	333856	11992
9	151832	17433
5	359280	14532
8	178656	18053
7	314264	13316
2	18210	34594
12	171961	14861
3	134850	26210
3	466811	14532
16	316933	500
5	123999	23496
11	56956	19582
17	189665	6523
1	372791	19919
4	11609	32113
7	204373	20147
16	383990	500
12	391507	2065
10	38757	23257
1	130258	35659
15	415066	500
14	478192	500
19	422686	500
7	264598	16194
11	129892	16098
1	257757	26599
6	128685	21552
5	311708	17196
8	419290	6275
1	456073	20019
8	148675	20396
19	237620	500
5	244040	17914
11	176295	18542
1	428962	15224
8	414985	2479
7	474889	5341
9	228185	13655
10	68085	23312
7	63880	29367
1	64901	37138
7	231435	19998
6	243525	21493
13	203975	7778
1	357203	19612
12	59490	18399
7	227446	15097
12	393581	2159
17	210518	1008
5	138847	23099
6	74228	27875
4	47102	27681
8	266051	12894
6	284156	15222
9	3588	27094
15	82438	14478
7	272507	17162
7	42474	23024
11	109447	15628
6	404546	13665
5	284079	16783
11	227105	12623
4	232936	18005
4	441185	13390
8	408365	8638
1	465894	12642
11	494117	2113
3	106680	27092
24	254346	500
5	41147	29967
4	318326	15441
15	341124	940
12	239511	8014
8	303653	12030
13	97221	16530
8	392428	8237
11	358596	5476
10	10401	23852
16	149147	5909
10	73093	19799
16	147580	8701
1	413102	14020
4	123996	26467
1	183714	30495
1	295520	21289
7	300915	14114
13	307857	4326
16	320466	500
1	4972	38152
11	276915	9392
5	292489	16999
7	417699	10845
16	440862	500
13	192954	8197
3	119481	30389
4	284888	17742
6	322490	14027
14	165751	10645
12	223629	14235
9	488068	500
8	329082	9627
18	80444	10133
5	163489	19237
9	482445	3388
15	419673	500
1	231287	26264
14	278034	1647
8	55189	22233
10	420871	2422
5	64779	29975
11	365511	5165
7	488824	4916
1	436949	15849
5	313997	15364
14	452352	500
11	135537	16787
14	108841	13233
13	167400	11463
5	252379	19600
7	299509	12575
10	278626	7207
1	89537	30417
11	129030	18544
6	346728	10238
11	368108	3637
5	145507	24298
14	300122	500
1	395075	17723
1	452063	17784
3	373214	16684
4	47323	30879
3	139814	27045
9	456021	3050
7	270309	15579
12	202582	9637
7	286960	12256
12	261275	6721
17	124709	1433
4	465566	9871
12	345771	500
6	466250	8289
3	325836	17642
14	238694	2625
4	218697	22827
10	336434	7136
11	222699	9043
1	482463	14478
13	296423	4649
2	488212	10168
4	224682	17932
5	305496	18299
14	18933	16897
6	23076	26503
1	474709	13218
5	103825	23578
7	300746	9844
1	140457	29928
8	360055	9210
11	455959	500
7	36555	28390
10	290957	9321
13	380427	2799
11	108059	15077
1	450835	13638
5	92377	26097
10	178389	16579
3	434654	11463
6	215286	20570
8	186439	17102
2	378371	20493
11	417492	4277
6	171174	17265
7	97023	22987
17	387412	500
17	189027	3551
13	149644	14871
11	302248	5724
2	469849	14924
1	488206	15426
17	377027	500
5	471460	8937
3	173196	26517
7	412258	7737
3	276178	23639
5	131495	24579
15	227908	2700
5	397894	12321
7	347551	7113
1	132320	33807
6	264247	16812
9	196938	17065
3	99238	29694
15	46076	14952
3	354462	14982
12	267099	4900
16	418809	500
14	244872	4386
2	352146	18614
5	397969	13516
11	126134	17455
3	337891	19859
16	355278	1155
9	1950	26093
12	141045	13204
12	363867	1688
8	99043	23840
6	14658	31203
9	62981	24733
5	261785	17803
5	4808	30379
9	225649	14057
6	418183	11439
7	112026	24865
8	196139	16868
5	11732	34436
9	278085	8454
9	94977	21490
9	118197	18442
2	375475	15106
13	85305	18370
12	203225	9030
11	50426	21414
1	137453	33504
9	125059	22707
5	198206	19653
4	350033	18806
10	33303	24016
12	381782	2397
14	254752	6071
7	371652	13876
13	139973	9594
2	365528	13035
9	450293	2251
6	438897	6696
6	357148	13680
11	277082	8168
2	230172	26985
13	409190	500
17	54156	9208
3	195940	22914
9	347152	4850
4	250150	20188
8	463301	2511
7	233920	16993
3	286688	17229
11	426025	650
9	199040	11330
9	74389	24267
19	22292	9780
12	209967	10585
7	25835	28952
5	208934	20362
8	80011	23009
12	432288	500
1	50832	35685
7	369244	7808
6	459893	5697
10	438764	3931
20	34079	8432
10	401882	8461
15	86624	11005
12	219201	10318
5	479782	7728
9	222018	16056
10	99162	15925
8	206906	15198
14	94898	13888
4	176895	24788
7	22564	28265
4	351332	10072
1	200642	30063
3	417092	10351
4	331663	17116
9	346058	11743
8	322914	10978
5	204261	18078
13	263933	7229
14	15766	18030
1	419431	14784
11	326827	7663
16	11334	17188
10	195590	14494
5	482683	7211
5	219956	19170
8	359706	9467
16	312436	500
10	63365	22299
18	309703	500
1	259148	26085
7	178228	21552
5	325785	14247
9	82580	24063
10	173374	15587
14	97014	13601
11	197978	13353
3	271823	22688
11	430798	2192
1	198776	26850
11	149910	10460
9	431402	8762
3	313559	15904
6	123861	22609
1	58542	33229
1	288537	26143
1	167065	29212
4	318721	18512
10	196996	13184
15	131153	11588
4	59625	31549
7	276263	12920
8	237545	12775
3	172696	30845
13	457619	500
4	402658	14017
14	101499	14855
9	111691	17032
21	274912	500
2	195444	26747
8	124934	23356
8	16975	26360
13	165685	12303
4	406389	16348
2	35530	32860
1	339872	20419
1	363110	18665
6	1002	28384
3	57098	33082
9	162315	22637
8	105726	24637
12	308573	6748
8	281677	12755
1	46281	35481
6	480871	7765
8	343088	10709
15	22229	13020
8	64845	22225
13	396450	3065
16	33303	15462
7	5926	27553
5	270139	16083
6	56813	27637
12	137975	13228
11	163197	18670
6	21439	26336
17	314728	500
15	232517	3996
10	236186	13869
8	446278	6154
16	56796	13498
7	218900	19944
14	391992	772
14	174189	8768
13	359953	500
13	91260	15040
3	465977	12708
2	206207	29474
7	190681	13393
13	224486	7748
12	414060	500
10	125082	16175
7	489492	500
1	397400	17044
6	105864	24757
1	285187	22367
3	90697	29926
8	423156	8426
7	455601	5570
14	262838	5338
13	342631	3894
12	220513	11459
4	117416	30947
9	361509	4867
1	388891	18696
16	110816	11576
13	237760	8362
11	469040	500
3	210063	27040
4	163584	24577
2	132912	24640
3	9746	38735
7	113474	24086
3	237011	21727
2	145806	29320
11	387586	1849
9	279047	9405
4	112775	27763
1	36319	38553
10	8077	24366
13	37905	19145
11	114161	16107
11	441539	500
11	400971	1628
1	451005	14237
12	178148	9369
1	279563	22683
19	152756	1709
4	401693	13994
4	374226	10792
8	313681	6861
21	198791	500
8	55993	24651
3	170661	25281
13	293172	2108
1	230482	30868
8	209787	15664
4	428086	11063
1	217955	26309
7	366152	11470
3	440944	11660
8	489170	2043
18	459363	500
6	268861	14085
10	59911	21606
5	481786	3656
13	314990	3054
8	193780	17691
1	141501	29519
11	11589	21791
13	59179	16090
11	370204	5048
11	289897	8464
5	82584	30569
16	165322	7621
9	196929	17017
1	186068	25532
3	66443	30717
2	169172	27544
8	428391	5295
10	253260	13872
13	251310	7773
5	87239	25651
15	82284	13960
6	279909	17680
2	138310	28468
6	29452	27552
9	322667	9629
13	148253	12123
6	22945	27514
17	40997	9312
5	56408	29811
20	141635	2282
14	361256	1718
4	444741	9593
11	236309	8705
9	435543	2406
6	352199	13494
8	141169	21484
16	277012	1375
4	355943	12629
5	384685	7640
8	367753	6955
4	313735	15106
9	423948	7428
7	116983	21499
8	23194	27186
9	97695	19273
10	485435	500
3	319972	14792
9	436221	2474
20	495515	500
1	272521	24259
9	465529	500
7	424531	8466
13	16536	24073
5	492682	7275
7	176676	18619
19	116154	4582
1	288047	25002
1	390112	13643
9	346870	8736
9	201575	15291
2	259600	22752
5	234974	19890
7	447408	4564
9	361320	7101
10	100631	18909
14	479476	500
13	149209	14006
5	473593	9377
19	209528	500
14	197649	11895
15	269373	2596
6	496964	8941
4	356822	14034
3	188063	25746
1	316456	21732
15	434158	500
4	453026	10169
12	76677	17228
13	483226	500
17	108193	7678
6	4212	30002
4	153503	25553
8	7074	24050
9	107647	20614
11	120862	15846
7	3782	27558
5	90051	26986
12	406537	2187
4	218743	21606
11	114874	19523
7	478586	5016
22	36164	1438
9	331124	9214
5	373303	11526
8	253816	16799
9	452027	6118
11	210450	14604
10	326698	7591
6	370849	10365
6	102099	24877
16	44348	11629
3	170292	27736
1	351896	17639
2	286194	19715
8	181274	18494
11	387177	2821
10	339542	6875
10	139490	19096
5	245972	16509
1	314693	24007
11	279441	5524
1	55062	36195
1	174383	30774
9	491541	500
14	290308	2409
9	246366	12550
11	343817	4355
5	62249	27333
4	277038	21646
13	492980	500
8	256226	16171
6	245349	14865
15	350264	963
13	377907	500
6	111166	27179
11	447761	500
6	268895	16876
12	137315	12818
11	95045	13810
4	394393	13784
15	285140	6471
9	8384	23998
1	291474	20409
9	351107	5415
10	276877	11633
6	494151	6530
10	460828	500
2	61332	32191
7	97033	26212
10	398888	3507
12	283268	7869
15	190135	5045
1	43572	36555
12	213331	13791
2	32119	36021
8	124040	16822
9	166017	18034
1	382344	19525
14	322031	500
5	237964	20968
4	74203	30713
9	365567	8025
3	71131	34082
18	303298	1259
8	14560	27689
15	491507	500
5	159509	20353
2	66166	32591
3	149905	28532
5	219840	21805
1	108985	33553
8	68223	22616
2	432784	13816
4	322503	16737
11	477329	500
4	352558	17048
11	250849	10194
11	60728	18499
3	313282	15575
13	379557	680
18	161316	2817
22	391627	500
7	181030	19175
8	253085	12294
6	441700	7892
10	177938	15297
5	391305	10006
11	174585	13825
7	309277	14151
1	163269	27937
1	341062	20495
11	428716	2372
1	119976	31433
6	466287	7746
6	376272	10475
7	24959	28589
10	309508	10540
6	93975	26783
13	174012	9335
8	212369	15581
9	49061	19499
12	257011	4958
12	255199	9479
6	473796	4872
4	444415	12285
8	169719	14230
2	232575	23370
6	95668	23592
3	325022	17410
4	294017	16599
7	165589	20520
4	190110	24416
6	288817	17847
9	37608	22247
11	480607	500
11	205709	16447
11	98428	18350
9	78791	20588
4	259166	21169
9	226282	15706
6	293506	15450
13	83252	12668
4	317680	18847
1	494852	11687
7	172476	18941
10	322272	7179
21	327341	500
1	441649	13319
21	458482	500
16	414751	500
8	174525	17244
1	153264	29218
2	20724	32283
8	179417	20108
4	427580	10709
7	357632	10333
3	450764	10220
6	58781	28177
11	180395	14651
7	72611	23641
12	279342	7983
7	383252	8316
13	358820	1837
13	366865	979
10	329160	7488
10	122118	17492
12	429974	500
5	199537	20225
3	7567	33749
14	491374	500
6	212619	17969
5	414818	13859
13	316053	4689
2	212743	27211
13	444867	500
8	401761	4836
9	369648	4429
8	263221	11984
6	460086	6585
14	333205	3688
6	342148	13912
5	354254	12644
9	199012	16150
4	247875	23449
9	232697	14150
2	51203	35184
1	56385	36892
1	280750	22945
1	321035	21593
4	225082	22011
16	448881	500
5	414651	12379
11	289153	4918
10	436787	2366
17	156456	7823
6	450145	6721
1	17196	37442
12	396687	1294
14	234419	5603
7	456579	6422
11	370082	857
10	419929	1871
5	97204	27726
9	162283	16163
9	276598	11488
11	146311	16685
7	254495	15762
5	110527	24099
2	482139	10541
9	294519	8518
1	326100	21175
15	471025	500
1	106100	31658
8	61578	24323
1	269865	23340
12	428053	500
9	207753	16225
5	1130	33173
5	277031	18132
7	371132	9687
8	85136	22702
9	131596	18638
9	225959	12562
13	240922	7266
11	413999	3667
16	105677	10704
12	333487	1628
1	373735	18038
7	452760	8113
13	293752	4770
19	187045	1983
7	155736	22272
13	404071	500
8	117432	19783
5	147437	22522
13	156182	15914
11	347560	5193
26	90024	500
6	110176	21535
4	288696	14869
2	266286	22336
10	444121	500
13	289898	5377
12	270452	9105
2	26268	37147
23	67399	2054
11	381526	5036
9	387929	8497
7	138153	23447
7	437503	8566
11	87947	15219
9	469533	5555
1	325699	21665
1	290468	24823
9	369571	8700
5	175905	25384
12	448055	500
14	53831	13257
8	285898	11480
15	494437	500
10	308858	9422
12	211934	10106
7	95518	22484
1	187224	22652
3	304796	13167
3	87624	28338
10	245762	13421
11	259288	7274
1	83355	28068
11	497361	500
2	39112	32424
9	432326	1870
11	64762	19509
15	458551	500
1	469081	13064
18	181753	3719
6	403584	14721
6	263630	12498
18	332929	500
1	97892	33155
15	182386	7174
7	312818	17092
6	317098	13423
12	414140	1095
8	460748	4301
16	233862	1769
9	294405	10597
21	443715	500
6	131338	22996
8	289260	12051
6	459288	3249
9	407752	4973
10	152609	12664
8	375207	6205
10	456305	790
7	329765	13132
1	368117	22140
13	27429	22604
1	198965	26417
14	87756	10676
5	50625	28490
6	53199	27062
13	316094	4848
7	175922	19292
14	273747	4157
5	438033	6979
18	112441	7421
8	431847	3273
19	23768	7411
13	433308	500
2	415251	15677
7	305792	15067
10	486499	500
12	407114	3568
6	497745	7947
17	498300	500
21	22644	5196
7	218914	15634
10	234639	11757
19	92909	9400
1	447704	14832
1	10337	39877
1	395532	14483
9	333560	6502
6	472978	7061
6	488313	7352
10	17988	23913
8	416420	3892
1	178553	32474
10	188348	16098
9	58180	24045
17	111655	8826
3	420893	16273
9	274907	8523
9	484992	500
11	425965	2752
8	94857	23009
4	269718	18439
1	384385	17527
7	160543	21969
5	470830	7859
1	77743	32024
8	92713	22978
7	216533	18967
10	129271	18728
13	281134	8734
10	126203	17707
8	346465	8411
7	499638	4004
3	87242	28175
4	151190	27083
12	257626	8002
8	291711	10955
17	37286	8559
1	448205	16038
13	16537	19574
9	434366	3957
7	85875	21793
3	403370	14906
14	374578	500
10	142736	16127
18	138328	3632
7	118613	20399
8	372663	6001
2	493810	6029
9	33516	26158
12	394452	500
9	385835	7061
6	97213	27590
3	93425	31666
16	427379	500
2	74707	34086
14	226677	6449
12	490926	500
12	212451	12137
6	103084	28021
8	379594	6810
6	429676	6151
8	416534	4953
13	288949	6487
19	474097	500
6	145671	25650
5	439189	12262
10	133628	16447
9	479740	500
12	381043	1712
11	170015	10586
3	159838	27806
6	441608	6777
7	498430	6177
14	190331	8091
8	244322	11702
1	59293	35065
9	329441	9632
8	226772	15759
10	197091	14945
7	224916	14431
12	253779	11603
5	435490	11124
12	349712	3929
2	59590	32189
10	426827	1455
3	81689	33726
2	297421	23045
19	493413	500
4	74448	30002
9	442965	5230
3	60783	33925
10	269800	14279
13	363920	3213
1	436819	15935
3	7193	36465
1	83131	32988
1	75064	34256
16	216704	6075
12	109012	16040
6	124754	22110
8	447125	3887
5	217096	22225
4	247845	20326
1	421812	15345
10	50991	21900
7	25032	24288
6	252236	20008
1	498693	12295
13	412180	2549
11	13592	17861
5	465245	8988
9	103699	21260
10	377890	2944
5	466993	4832
21	169682	500
11	409145	3772
15	382853	500
12	298254	7089
5	492173	9061
4	187343	24917
14	299690	4334
12	204277	8698
1	414520	14649
10	276803	7136
10	34100	22611
16	358594	500
5	374187	10731
11	168065	11951
7	50857	28821
9	269802	15029
9	163931	16853
10	299039	10142
14	123843	14383
10	454405	500
13	205309	9411
4	314006	17443
16	227329	4204
9	322449	8698
4	220603	23260
7	259769	15891
1	214651	27625
7	91503	22209
13	184926	10116
7	247060	15530
2	476592	13043
8	302141	14891
9	378745	9746
4	380830	13849
3	146920	29795
3	225874	27856
11	443563	958
1	158035	26716
6	75961	26334
14	348927	1773
11	92166	19656
4	124924	29782
6	426563	8422
10	27895	23370
10	58605	17448
4	286666	18172
6	288324	16100
19	190884	840
5	247185	18251
9	427145	5211
4	223692	21779
11	49594	21360
7	361075	11681
1	371060	20501
15	305970	500
9	157910	18927
4	391542	15812
7	486201	3571
22	94634	500
2	51813	32586
10	326900	6449
7	244979	13326
6	270382	19312
19	213775	1016
11	31061	17415
7	385138	9599
1	55341	31872
1	123216	29547
8	148092	22618
3	307589	18273
11	372782	6110
7	212715	17604
15	407929	500
15	330605	500
16	329607	500
10	151575	16810
7	201659	18372
9	61676	22200
1	478580	13644
2	116752	31176
7	392067	10186
6	273589	16676
11	330859	3265
6	354134	10188
13	416769	500
14	113802	14049
12	51020	21945
19	147581	5890
12	141499	10757
6	136	33224
7	415383	4847
6	302968	14851
11	312973	7670
12	350988	500
12	83423	18937
11	54474	20550
2	172718	26574
13	76627	16051
1	210167	27363
3	94412	26343
4	256489	22300
21	171623	500
13	182250	12002
2	248731	26983
12	472420	500
10	42711	20842
3	220018	20155
10	311167	9893
9	295464	12176
12	51046	18339
3	143464	25128
10	319844	10229
11	338498	6286
4	490954	10845
4	75483	30779
1	266845	19444
6	89429	28767
8	167418	19655
8	202415	20449
6	390895	9028
4	147133	22178
10	7591	27054
13	40010	18739
10	97447	19043
8	23631	26374
2	388350	19425
9	411968	1711
22	160660	500
1	407854	15314
4	100388	25868
14	394231	500
8	301828	12517
1	125182	30440
6	218686	19401
2	57256	32452
5	9124	26466
12	203834	11965
2	215430	25006
8	104980	24517
6	208282	16216
13	61325	15430
4	67462	28300
10	323558	5955
6	488505	4838
6	121141	23295
13	50385	14076
20	114231	3684
14	364089	713
11	241244	12275
7	485158	1491
12	48524	21436
2	385286	16052
15	9365	15144
3	305755	18751
5	68626	26081
7	146564	20264
8	242752	13782
8	226325	13948
10	239742	9666
6	199368	17359
10	169243	14809
3	9253	30569
2	26191	32434
5	112883	22209
13	492740	500
2	5688	32231
15	387186	500
9	223709	16036
11	74481	15622
5	141744	26088
10	454313	983
11	261214	9846
9	225847	13193
12	398964	2532
1	146873	33029
13	214919	10474
1	470322	14871
6	62109	23275
1	356092	23006
13	304950	5904
10	254238	10721
6	281175	16201
7	246794	14990
13	251701	5814
4	393267	15638
7	328021	12761
15	21146	18377
12	403353	500
8	358648	9483
10	445433	500
5	369003	9105
18	385343	500
14	257994	8864
9	87851	22655
1	14416	36299
8	161090	21678
1	394069	16612
8	102411	20553
12	81930	16051
2	491142	10237
23	65127	3405
6	245306	19539
4	214434	21446
9	208810	16971
5	213202	22778
6	151060	22457
4	179349	22364
2	458703	12619
9	63421	20961
3	420809	13864
8	83115	18391
1	485811	15583
2	269761	21652
12	106474	14922
10	222145	9381
1	317120	17931
4	392606	11317
12	164025	12991
6	270623	13361
16	391601	500
5	399133	9537
12	453138	877
1	150812	34111
2	196868	24476
3	265133	20549
14	94672	13059
7	274200	13364
7	488953	2999
14	499956	500
7	22562	22651
7	43027	28652
3	175635	22552
13	198307	8827
14	31704	14642
16	440526	500
2	298687	21250
8	268414	16216
8	3587	30323
11	409143	2323
10	18297	23151
13	349538	2180
9	468869	2851
12	116186	12532
5	138410	24526
11	437611	500
8	444844	4466
5	240	28008
2	21565	34873
17	49456	10693
15	62487	11831
1	2550	37340
13	217524	9303
6	466414	5183
12	187264	13927
14	226141	3742
9	197146	14413
10	192652	8127
16	17631	10825
1	164510	29680
1	294164	22312
2	340461	17747
1	371872	16184
7	38440	28191
1	230497	27138
3	199800	26573
12	476061	500
17	468013	500
10	461024	500
1	400483	20775
13	175269	8304
13	474331	500
10	399648	2690
7	130703	19013
1	358185	19449
1	295804	19277
15	235735	6866
4	127921	24878
1	429137	18438
4	434602	10793
5	105979	27530
8	459002	3502
10	191692	13330
8	492985	3445
15	189856	6782
5	203147	21883
8	16000	27495
7	446680	3473
3	144896	28843
2	171585	27650
8	48011	22624
3	257278	25716
9	453943	4903
13	328034	1637
13	232324	7742
6	457071	6848
11	54116	18707
7	168684	17898
11	3014	25429
13	348794	2496
15	324140	2606
9	13184	22982
8	269778	14189
8	322813	9279
5	194382	23198
5	165783	22456
7	14948	29121
17	349154	500
6	131102	22403
2	179544	25705
14	126544	12694
7	291814	14137
11	309272	4576
5	483945	7704
10	497833	657
12	24860	21952
8	465753	8425
5	277555	17207
5	230790	21979
11	105706	20695
16	241770	2552
8	132395	20411
17	84925	9828
1	220853	25542
14	97618	16595
3	65319	30989
11	177166	14209
6	163396	21497
16	154324	3171
11	330464	5353
14	309803	3342
1	331471	21864
9	322988	9565
5	497802	8708
9	113408	21093
9	110629	21790
16	340005	500
9	472774	5041
12	48817	21419
1	467035	16747
13	219097	6985
15	290454	1381
1	230635	26280
13	282147	2346
11	86067	18338
14	471565	500
1	209525	25842
12	491674	500
10	230180	10743
15	431698	500
9	69569	18898
5	467049	6386
4	69707	31950
13	383416	4248
1	364804	15998
20	378868	500
3	150352	24032
5	185655	28386
7	416860	6639
12	19937	19944
11	299183	6680
7	267518	15319
11	440790	2113
11	255307	13072
13	454081	500
8	262557	12817
11	286596	5505
9	450107	886
6	465248	8988
11	463292	500
12	400894	2234
12	30527	22917
11	24704	21994
3	409486	14436
6	145149	23058
12	133492	13081
14	173521	9799
4	451701	12331
4	156136	24273
13	3855	21178
10	335733	6269
12	415513	500
7	37011	26180
5	205228	20598
4	69943	28957
13	352341	3271
16	231564	855
3	345839	19102
1	211312	26736
9	388009	9931
6	206345	19423
8	174465	17995
10	460673	500
1	445487	14361
3	188009	23403
12	486460	500
9	412106	5047
7	119243	23591
15	15427	16689
14	348648	2018
11	396952	1120
7	195992	19740
15	447213	500
1	33900	36183
13	90118	13256
6	96834	23228
14	289164	2640
9	21538	26369
2	149565	29537
6	355339	15357
8	294979	11802
11	388948	1870
8	247378	15595
13	359161	500
6	352157	17021
1	318644	21835
9	350351	4800
12	280440	6125
11	491309	500
14	468167	500
10	139457	16046
8	107717	23654
8	226740	14921
3	479255	10487
12	363041	2595
13	362305	2917
10	390188	6167
3	461406	13022
1	223710	24473
1	147140	28294
7	250594	20311
4	35808	30453
4	130026	26354
3	471132	11919
10	65193	19838
6	51809	28928
10	252111	12395
8	139925	18839
5	481179	12590
9	157399	15746
12	297154	6993
5	252285	20168
12	59193	18174
11	9930	20578
10	421998	4423
11	172479	11287
6	28104	29348
11	116880	16571
7	74387	23633
1	182675	30882
1	437372	13868
3	173150	29518
20	150704	500
18	56250	6691
9	34209	23611
5	195559	22344
1	301424	25193
11	273373	10886
9	350729	8235
12	365491	1949
10	297197	5749
17	495311	500
7	267996	12342
1	383061	16490
13	282922	5996
10	255314	11002
5	382263	16034
6	245947	17425
5	326017	16217
10	25851	24324
20	471908	500
7	336797	11323
8	392641	7332
4	313977	17893
5	69676	30444
13	22475	17969
3	13596	30931
11	438879	500
5	212388	23658
10	260807	12189
3	410084	12302
5	132143	21892
1	51657	36471
2	137048	30592
3	308896	21169
9	79725	22344
14	414664	500
12	492629	500
14	466988	500
4	486922	9385
12	359755	3634
15	156668	8851
7	42469	25823
10	40182	24010
11	468647	685
1	297521	20421
12	304332	5859
7	163151	19714
10	365120	6254
14	52890	15970
7	412451	7095
11	306964	6796
2	15254	34225
6	257806	18336
12	430372	500
2	88778	30625
13	474073	500
6	131984	22625
1	198491	27196
16	343446	500
10	7998	23740
6	347274	12690
12	296427	5256
12	253295	10158
7	414952	6220
1	441272	13320
4	319751	16018
21	404789	500
14	109561	14478
9	179006	17974
14	306114	693
8	255891	16319
9	10492	26824
9	264411	11865
7	441494	5529
1	399779	17317
10	347025	2689
16	374837	500
10	475208	818
18	96638	9184
1	367803	16790
13	275370	6207
6	250897	17633
8	242403	12151
11	18870	21895
23	309666	500
1	253639	23886
18	466348	500
10	77764	18897
4	187071	22967
12	54185	21366
2	279245	26130
12	133363	17199
2	68456	35232
13	230366	4311
12	184363	13568
3	45524	30405
8	261336	16825
9	345025	3513
6	476621	7505
2	261144	24543
5	262510	17180
8	162895	19373
9	50668	21842
15	435940	500
12	40550	19922
5	22512	32410
4	79355	29356
5	361511	16580
12	55750	19625
3	296153	22584
5	315982	18241
3	360267	18051
8	65207	23786
13	261013	8634
11	60011	16551
6	312118	13877
2	306787	17479
11	77593	17122
7	243261	15629
11	44988	21263
27	354359	500
3	325384	21011
10	278219	11976
9	434725	6181
6	421032	9681
4	316199	18941
3	362438	16801
1	194719	28067
5	299488	18291
1	458317	17189
16	246680	2371
7	429793	6082
8	137156	22843
13	467054	500
13	267512	7316
5	319928	13591
9	183741	15325
15	135104	10423
9	219809	13809
13	247387	7569
3	40243	34466
10	366180	5005
11	481153	500
2	294825	19608
10	214722	11441
2	36996	35334
6	214691	17212
7	67079	26728
14	389189	500
10	4887	23189
13	372383	500
10	432868	500
1	475024	15453
9	160159	14250
5	131284	25559
10	213013	14118
8	329904	10015
12	368789	2675
9	181464	14270
12	128993	10900
16	197647	6272
9	465505	1254
9	11273	25585
7	252774	17992
5	117374	27069
14	397623	500
10	84413	18628
2	264481	25308
9	178915	18307
16	83935	7970
6	234796	18223
11	40402	15975
1	393205	16267
8	343734	10552
6	313619	15165
1	131864	28853
8	56839	24685
11	371325	814
2	425542	15199
5	138643	21254
16	185023	4461
4	383574	13404
7	95350	21836
4	212225	22917
3	378392	15780
9	402203	9214
11	27584	20812
12	47415	19728
5	79235	30295
4	99396	26892
1	195459	30654
5	451143	10590
13	18494	18441
2	80492	30912
13	211112	10378
5	438097	7331
2	207675	24737
19	235268	500
1	474091	11986
10	190676	14388
16	264044	500
10	301616	9100
11	353973	6117
2	277809	22908
3	405363	13435
17	116892	6214
15	178060	7237
11	369998	6430
12	67975	18472
10	298781	5431
18	423981	500
12	334614	2897
7	478353	2907
6	382490	11481
19	383021	500
11	182750	11683
15	329349	500
5	52303	31601
15	302026	500
4	23606	27700
9	69249	24761
8	265373	14964
8	58156	26761
15	246255	2673
1	485550	11716
7	120713	23270
8	194944	16537
8	292267	11741
15	86074	14316
2	352606	18641
10	376012	5680
6	288986	17861
13	354856	3918
4	120024	28891
14	39316	18565
13	141156	10143
13	226737	10164
1	497215	13544
7	115558	27338
8	289798	13322
3	418531	10896
3	422525	14699
14	142360	10922
3	175692	22881
14	278984	3174
9	128422	21486
14	416414	500
4	310664	15441
5	390369	12633
9	44512	23669
1	353083	21050
5	458346	12856
7	367200	10709
9	7693	24812
11	117240	18080
11	440573	934
8	46803	23670
10	385288	6896
3	244672	19489
9	196109	14518
8	357631	9380
12	296839	10145
13	345099	3912
8	31042	24048
5	182129	24236
12	1288	20485
11	192210	14969
8	385833	5809
8	267539	10230
13	81515	16994
17	338584	500
4	250631	23887
9	338701	8510
5	81173	26667
8	12017	26427
3	190973	25362
1	251620	21563
2	214769	21628
10	455357	2917
19	283027	500
7	499865	500
11	163529	14136
10	18460	22551
6	250192	15692
9	409794	1171
9	285032	11941
6	399770	11504
11	136539	14238
18	4651	10139
6	420450	4252
12	235580	8956
10	95809	18792
2	131392	29001
4	331574	16615
9	333630	11820
12	229128	10151
8	482797	500
7	60479	25766
7	208911	16061
18	76086	8661
2	200835	23926
10	161225	20190
7	136201	24022
4	498288	6834
12	461335	500
4	438569	10976
1	194357	27331
13	185861	14071
8	213558	21609
5	105890	27489
11	453519	500
8	481850	3651
4	318826	14661
1	68863	31795
7	324167	12140
2	144111	29888
6	217915	18565
9	251897	12420
1	376473	13978
1	368218	24417
7	312233	12787
12	137791	12904
7	9727	29238
8	118467	22331
7	68415	26487
17	5535	15997
1	110100	29660
6	327982	15152
5	245867	15536
12	39941	18479
8	370277	7680
8	42462	24442
6	304948	15340
17	335613	500
5	4287	29416
12	270634	6514
10	414849	6380
12	302855	5833
19	319283	500
18	185894	2367
1	284358	25744
5	335274	10888
10	65037	20768
1	117479	30086
1	380569	17148
9	403706	6077
8	173910	20882
16	157096	4310
13	83978	15879
11	494646	500
14	438863	500
6	61618	29001
7	425340	5921
10	94768	19551
15	417558	500
7	169878	22515
7	385656	7586
7	6937	27741
6	51428	25950
9	164286	16197
5	361723	13114
12	121249	14650
7	209526	18076
13	227370	5525
9	33675	26661
12	283291	9708
7	145451	17267
7	49175	26773
13	269564	8275
7	481287	2112
6	42667	27901
9	181691	14312
4	449401	9884
11	349702	9864
11	432365	2247
16	24720	15671
17	428690	500
11	88792	17909
6	163180	20305
9	55233	24249
11	80989	17365
5	104153	26137
6	331577	9833
5	435295	4605
4	77267	29090
16	152992	8831
9	27733	23316
5	75888	28955
14	409416	500
13	100365	12730
10	141574	18772
16	77575	10008
10	320239	11057
10	173094	15815
7	82764	23982
5	395505	8654
9	39434	26972
1	88945	35765
10	22856	19740
8	395298	8199
1	18623	34592
9	416971	8992
1	243873	24313
6	70787	26400
7	249262	19043
4	72942	26592
1	164433	27814
7	116216	23330
14	324035	3226
9	364477	8647
3	157813	28478
4	30574	34223
10	2457	26530
13	24378	16233
5	209005	21196
6	318559	11861
4	265596	17398
1	382540	15998
7	356252	8297
9	412071	7297
3	190117	27568
12	128151	14641
5	429135	10633
8	293198	13739
4	84189	26555
6	278664	19251
1	329232	18857
12	480359	500
3	195880	28986
8	256675	12022
12	380065	2507
6	37059	29225
10	236525	12141
14	101719	13512
11	401642	562
3	315892	17424
9	39362	26152
7	297343	15021
1	188103	29827
1	109264	31476
11	40199	19388
2	95940	32025
9	285784	11686
24	3444	3486
8	160579	22455
1	135811	34333
4	364420	17825
3	312624	21195
22	51617	4407
10	454405	683
10	314939	8086
13	221678	5320
11	72066	17856
14	102988	10323
3	142288	28026
9	291340	14630
11	185196	10231
9	34494	23118
8	71210	19075
10	462493	3830
6	431444	8620
2	480130	14170
15	70485	13029
6	324337	15036
11	238725	8054
8	17046	27697
12	210349	11569
3	395766	15765
11	17618	19863
9	420414	6233
13	404552	500
8	153788	18267
9	420913	3481
1	16176	38682
20	458486	500
13	305078	6335
19	235527	500
6	225245	19140
6	376485	10916
15	71211	17246
12	366559	3063
2	180835	31030
2	302803	21295
3	236170	22160
14	447508	500
11	30261	20220
1	187383	28126
16	60342	11957
17	202289	3786
8	456159	1465
8	473441	2610
7	300790	12922
7	221262	21260
9	151233	16519
19	405052	500
4	23956	34073
2	11332	36175
11	62849	19005
10	416513	5640
5	144142	26882
15	15079	13484
1	312339	24937
9	296873	13497
14	113170	11941
5	491839	6870
4	485757	10324
4	459842	8842
14	10919	19488
11	72436	16706
7	309386	12690
19	391355	500
7	195683	16578
16	64158	5187
5	378282	8558
12	62468	18667
1	339997	20409
9	350703	9191
13	434412	500
3	185949	25732
8	433417	6540
8	56274	22309
3	413714	14101
7	467832	4494
9	147133	18488
8	150408	19925
4	122391	27206
9	178416	18733
6	260882	18826
1	469995	12652
14	186526	8107
8	401015	6346
12	93430	16281
3	331513	18467
12	298751	8905
7	393378	4081
8	370041	10348
8	112212	20317
5	424004	11002
1	87840	34172
11	52693	19181
4	162311	34061
7	474664	4037
4	446030	11864
10	9414	21669
1	15375	37970
8	487401	4762
2	136599	24286
9	118345	22585
8	98938	20875
13	56402	14047
12	132154	11161
4	89583	32663
12	182341	12792
9	216731	11059
5	186042	22349
10	313373	6175
7	17497	28654
4	485545	7238
23	296005	500
8	55671	25116
4	120260	20441
3	357981	15578
3	728	36485
11	198429	11826
9	243656	13615
8	69295	25884
1	34992	36977
14	185635	9113
9	378276	6822
12	414680	500
12	401048	1471
9	2893	21594
11	338564	10049
6	407184	9303
2	41032	35270
12	65443	17305
9	59090	23878
11	339173	3970
9	147304	15704
4	193446	23422
3	146135	22512
6	336331	13137
7	258364	17905
14	72991	13491
7	361982	8434
14	437534	500
6	156055	20302
1	292094	24221
7	409817	6391
12	357493	2244
13	348583	1421
7	380347	7750
7	395614	7807
12	302693	4618
12	426058	500
15	203297	8043
1	78954	34980
8	329357	10014
8	241762	16028
5	260478	19127
11	266671	10220
1	49804	34197
1	370198	19375
4	71483	31322
4	499529	9757
1	357170	20990
8	291042	18956
13	498708	500
12	306703	6859
17	180659	2682
1	208155	30488
8	12000	28859
6	95699	24151
6	32342	27969
13	439757	500
5	104706	27520
13	53062	17707
6	29786	30148
14	464237	500
4	449125	8675
8	72086	26264
1	341825	20392
5	63970	29498
5	276335	16924
4	185168	24539
14	328333	500
7	305227	14074
7	351492	9497
10	191116	14404
1	361516	19056
16	434381	500
6	27640	31851
8	439107	8514
1	233021	25131
3	202391	24239
4	177175	21794
1	435556	13751
5	74993	26079
9	372219	9620
10	422498	4339
12	85441	14399
2	3380	38151
10	164851	13929
13	353963	2781
15	35508	16613
8	295891	14609
7	102042	23053
1	372893	16345
17	190704	1878
17	207065	4774
14	228013	6345
15	478868	500
12	72579	19857
7	309796	15870
1	41432	37807
16	329800	500
7	67546	26989
4	185517	24164
10	21587	24381
11	1919	21993
5	479080	8334
3	314590	17024
14	221752	5289
1	57241	32746
3	185650	25670
3	193718	25195
6	353289	14941
1	357292	20567
10	10685	25372
12	31334	16450
1	83888	29226
11	125059	15590
10	460220	500
1	353522	19317
13	353000	3654
6	328143	10824
1	362650	18924
10	348805	6926
1	299752	20007
12	439801	1757
7	184640	19688
1	437757	14616
9	110674	22657
5	458772	6388
15	465147	500
10	199564	16135
11	211124	9642
11	366677	2713
15	149688	12160
6	384613	11484
6	461569	7897
8	482461	1449
11	423879	2565
15	59248	10792
6	123898	22194
12	81758	15343
8	94822	21875
17	24886	10789
8	330990	11915
12	145795	10560
6	335258	12319
8	280667	10646
5	384989	12415
18	408066	500
8	398334	5427
15	496522	500
16	21880	11266
7	471447	1599
12	294712	5864
7	307466	15678
5	297150	17238
10	115601	21445
10	158732	16971
4	365339	14355
12	495552	1621
5	334489	13742
2	215855	26256
11	492515	500
1	335485	18496
1	197930	28273
6	467674	8840
4	471773	10606
1	440082	19682
6	152032	21185
4	208575	21973
3	456366	10535
9	325607	8967
5	38831	29002
6	330134	11081
11	327608	6298
4	159858	26579
1	289914	24457
15	341347	500
5	226989	22130
15	380198	1036
14	278906	4554
15	81566	11972
11	491113	500
6	426995	6082
8	444992	7643
3	343803	20239
1	379942	19241
14	130700	6459
8	6401	27997
9	253930	14145
10	228929	13952
15	398085	500
7	378926	9017
9	394769	668
8	300521	12020
1	269619	28478
13	13932	17212
15	405903	500
9	170981	16153
12	223942	6452
9	411810	2177
1	455220	13227
1	424765	15535
3	132265	29431
7	396978	10424
5	340094	15832
7	147650	18971
11	26793	24914
5	330675	16968
10	305533	5140
13	384756	500
7	30138	24702
2	164770	27928
8	269828	12584
11	264916	6215
9	328123	8516
16	383141	500
15	101662	10349
8	138420	20326
9	120438	21744
7	491627	4843
20	130843	3674
13	345732	2419
10	160091	18264
4	98450	25266
8	271041	13625
4	6752	33560
4	143550	27682
2	172309	29205
5	265915	16690
8	164964	17744
7	42376	22994
10	226899	10596
10	135486	16707
9	176589	14304
5	401743	9652
1	324161	20799
11	283222	9077
12	348887	1084
7	119633	25327
8	105726	23859
12	102058	14376
1	297385	21139
15	206378	6826
14	342470	2511
10	65469	18026
15	211852	5475
5	187383	22966
19	166522	500
1	236928	23975
7	115039	24818
11	375687	965
13	397512	500
9	211705	13797
1	20050	36392
10	231101	12213
13	264436	6552
5	338067	14262
10	400217	5133
5	233836	18683
11	318057	8739
10	344325	6605
8	388582	8853
13	490958	500
11	184084	10740
11	138102	16573
4	102918	27616
12	382390	3534
5	90389	26451
6	12182	25498
5	344354	16151
2	224874	25225
4	244830	22303
15	218233	8240
12	287101	8716
13	38625	18345
14	87668	15012
3	59618	33069
15	203643	9353
14	97596	11357
3	44465	31758
2	236073	25903
15	391666	500
1	470478	11095
9	163919	20150
11	157333	14493
10	358538	4911
5	130020	26828
12	396836	1738
16	140712	8667
11	298696	6483
4	319872	12702
8	437178	4944
4	146866	25006
16	105695	11488
9	110906	24448
8	113399	23578
8	54167	25931
8	62567	23584
8	270228	13701
3	448426	8585
8	483588	2290
8	277586	10529
11	142704	16053
3	400840	14703
5	256290	20957
14	490802	500
8	236036	18669
10	319037	6420
6	440965	12574
8	426568	6637
7	401195	5555
3	162247	26468
6	61557	27101
6	405405	6148
3	477895	12871
3	173119	27660
7	95394	24296
4	151228	25213
7	259293	10400
1	464993	15241
13	386042	500
14	182980	10549
4	459726	12786
18	42584	11433
6	98418	24891
16	117378	7264
13	185754	11059
9	342204	3578
3	273515	16792
9	366972	5599
2	454812	13873
11	390112	3013
6	206993	19773
5	226186	21637
6	490724	4768
2	374636	16548
7	220283	16695
9	432780	4014
7	164625	18460
5	492129	7421
12	6761	24805
10	103320	21437
10	285378	12672
11	49356	19753
12	31108	21105
6	426770	8926
6	151832	21023
1	227991	26514
7	498874	6155
18	441117	500
10	63557	22101
9	330046	8874
10	264382	12883
6	73936	22286
16	47166	15517
9	405730	7162
6	226854	16444
1	85483	34592
4	124935	26179
19	292364	500
10	104383	19375
1	488689	9414
6	146703	20638
12	173655	16038
6	288575	18274
11	393373	500
13	13853	19192
2	45756	30551
12	261617	8534
3	328243	18477
17	213035	500
4	295611	19839
1	14011	35396
7	18175	29461
16	258378	3403
9	413035	6780
13	486665	500
8	150309	22238
1	260860	23807
8	5596	27176
12	253836	11656
7	138749	24285
7	35262	28674
11	323858	7528
1	259159	25778
3	26959	35376
9	438065	8082
1	362989	16555
9	375424	5110
9	240676	12190
1	492862	11479
1	113347	34643
12	147971	16139
13	63872	13638
9	217071	15536
10	129698	18286
12	100307	16111
6	164879	18655
3	361985	14389
10	377706	4455
12	386394	500
9	154206	19741
7	41594	27115
3	414982	16162
5	376419	12124
3	330610	20344
1	224578	25071
11	114196	19312
7	253853	17251
2	68097	32211
16	106525	5759
8	425535	7402
5	246159	18025
11	459381	500
8	373712	3993
10	315772	7130
2	281380	20787
8	301030	12841
2	91186	30994
12	180492	9466
2	136148	27927
8	324222	11195
11	469773	500
10	320748	3464
7	445909	4657
7	187748	17780
8	190713	16896
8	473838	1556
8	32930	24060
4	311068	14186
13	357547	1581
17	189232	3251
1	263149	26336
18	288548	500
13	143291	13265
6	108023	22841
10	16776	20926
7	403367	9899
13	375555	3285
3	333550	17904
7	318392	10937
14	178119	9825
1	65979	32085
2	66246	32086
15	86565	11573
12	267271	8267
14	386972	500
10	355747	7853
11	268677	9134
9	272881	13641
5	408409	13458
2	44832	37961
15	475277	500
5	452908	8807
7	237071	17710
8	338943	10696
14	62760	12802
4	341095	17775
10	444827	2021
9	359766	8951
8	132213	23123
8	326978	7195
13	258534	7725
1	464278	16009
4	387464	12085
9	26555	24775
18	119283	5780
16	59790	10887
1	388628	16262
3	350226	16993
7	14198	27575
11	260682	9180
6	156067	23323
2	182100	24474
10	233169	10190
7	443576	2921
10	374597	3204
6	419438	11374
17	338568	500
7	90223	26233
14	74172	12045
15	92673	10557
18	161778	6882
5	311179	14882
5	478776	5934
3	187095	21788
4	469692	8868
7	51966	25253
17	17199	12903
10	176096	16140
6	123794	24658
8	323226	10320
12	348913	2768
16	14992	13938
13	299493	3299
16	353140	500
17	6856	11730
8	389805	9932
3	281712	21173
7	370729	7726
13	159475	14383
6	309954	12038
5	12671	33758
7	12313	28977
13	410077	500
6	178311	20962
6	124476	23064
6	317871	12905
2	142773	26113
10	221961	11769
8	361766	10228
16	340017	1408
11	218846	12668
10	481795	1316
6	26906	25887
6	323321	15366
10	470084	1355
9	198439	15790
14	144989	12974
12	493895	500
8	69324	25263
4	105870	27323
12	144672	15073
11	52247	19052
12	358721	3624
1	420811	15397
3	14496	33126
2	456022	13070
10	437656	3857
4	37096	33156
1	385496	19944
6	216380	20379
10	294435	9424
13	279641	7760
14	400553	500
6	47302	29017
1	137312	29654
6	317976	14215
3	203041	25328
7	273811	16746
24	168568	500
14	10413	15967
6	114309	24274
9	142504	18580
4	462026	10410
13	337014	2613
3	469901	10239
1	8223	39030
16	484308	500
3	269742	22830
16	243330	4445
17	392469	500
9	142022	18553
12	61093	17499
7	92853	25095
12	61545	19666
4	29072	33721
9	262531	13782
17	416473	500
9	492393	3571
1	3011	37227
5	266544	16861
1	335138	20839
16	492511	500
1	132528	29165
4	187607	27635
10	279807	8387
11	336402	5884
19	217618	500
11	450258	500
10	160432	18855
8	157892	17967
10	406851	1111
2	48225	34550
14	127750	9113
8	356467	8945
16	123824	7383
8	260840	10028
8	51652	27023
9	419121	4232
15	440580	500
6	77500	27351
3	226536	23185
8	33644	28538
8	135696	19109
3	342112	18240
7	246548	16490
8	154395	19625
6	425711	8440
6	240481	18951
9	136499	15921
1	397224	13275
9	278173	12269
13	105839	16891
1	419979	16031
1	273376	24677
6	199331	20331
13	389630	514
1	108624	30863
1	196096	24563
11	80589	17504
1	420568	13243
10	182604	15163
9	44396	22260
2	164414	28527
16	315991	1581
8	316838	14856
10	8877	23571
11	246823	10631
11	346217	6124
5	67237	26996
2	460805	9978
11	205276	10418
11	332144	4615
9	254319	11221
3	369012	17686
10	168052	16432
11	217787	10385
5	118572	29461
14	396046	500
1	323926	19351
15	13052	13171
9	102643	20375
15	382623	500
8	114161	22417
8	330676	5016
12	234246	6593
6	292749	13150
11	494650	500
11	499788	500
11	124829	15559
4	67711	29407
10	260488	8241
12	60959	19477
2	496271	14478
14	221537	6575
4	147971	24223
7	407352	12408
1	371885	19146
13	499951	500
9	310394	9857
10	290968	13819
6	474393	2492
13	431612	500
9	11182	26016
16	65267	16329
12	463058	500
18	41017	7377
3	492386	9461
9	130451	17406
9	306300	9089
10	162575	13905
7	7522	26591
2	437834	15190
4	306211	18807
11	63356	22386
1	253860	25663
10	367393	7295
12	384788	1438
8	15487	27508
6	44818	26898
12	390786	1319
4	401825	16660
2	225200	21072
2	300711	22268
5	298133	16444
8	266726	12773
6	154828	20214
13	119971	9315
4	186934	21661
7	374256	12809
9	248584	16339
12	211804	10721
11	364067	8067
13	82036	15624
4	343217	17900
4	262345	17684
11	296083	9579
11	243410	7298
12	471918	500
11	291110	9564
8	234163	14153
7	87205	24606
12	497908	500
13	159606	15704
10	250605	12419
1	125533	29812
1	48091	33104
15	343852	500
4	9699	31602
3	37863	32876
2	416514	13559
9	315180	10920
10	266541	6758
4	259465	15566
18	96609	4739
7	32221	27269
6	140291	19940
10	346910	7550
19	397453	500
7	466071	4316
9	43466	21010
16	394536	500
9	492248	500
8	13798	27683
2	193033	25017
8	122026	22848
8	189752	16218
17	95193	9591
3	358315	14277
17	318741	500
11	6991	21696
5	245813	20675
9	106469	21819
7	350657	13369
2	5812	37172
12	158648	12375
20	301638	500
18	25940	12659
13	52789	18685
16	350942	500
11	174082	13225
6	129817	23159
1	222701	25689
6	190352	21763
10	150369	14522
17	421068	500
3	334880	19280
12	202102	10032
9	29524	24421
11	235222	9221
6	106863	26754
11	297968	8925
6	393121	8224
4	68200	30505
1	273315	25256
18	420256	500
1	272333	25181
13	43547	17945
21	55205	7456
14	335000	1988
7	325107	12496
4	130316	27527
11	72250	21474
14	129636	11814
12	109123	14954
9	214485	13740
7	54140	26122
9	324219	8336
8	48167	22076
9	162742	18658
6	196051	16663
11	5870	20156
1	220584	26155
10	239740	12611
4	24929	33004
2	471713	10446
13	429532	806
6	125404	24581
1	130533	33772
8	186484	15166
8	8018	25467
9	293749	8559
4	313011	16091
6	130497	26205
6	72122	25780
10	39873	20479
7	268110	15378
6	230709	19380
14	446548	500
10	130851	15282
4	190825	25024
8	60143	19828
6	47775	23788
21	114467	1004
14	82557	14369
5	194945	20694
1	381579	16107
18	415543	500
9	60920	23806
9	324963	8817
5	497499	5351
8	452734	5410
1	5719	36593
7	79008	23837
18	121211	4319
3	94026	32592
18	102040	7237
17	288910	500
14	414663	500
11	195138	10842
4	234800	20887
4	172798	23240
10	258846	10565
3	238294	18960
11	109227	13240
11	111311	16554
7	23087	24299
1	125220	34209
13	80675	14372
1	123061	32082
3	276827	18671
8	346722	6632
6	190418	19537
6	471030	7867
7	436237	6107
3	431974	12520
11	287152	11993
14	171214	12116
10	340030	8181
9	489337	1795
6	136591	22287
14	236058	4521
12	411093	500
7	372106	5820
9	53808	23553
9	330872	8036
12	486778	500
11	181777	11737
7	266295	15734
11	303611	6517
8	416536	6698
7	65618	23145
16	31146	14921
5	3534	32673
20	260054	500
1	498208	12221
10	234882	9788
10	171627	13238
13	206964	9699
11	465362	500
11	22998	20092
19	379828	500
6	281890	14648
10	232738	11953
4	287911	17156
17	409547	500
1	213784	22205
7	247856	17609
8	88137	21635
1	206650	27285
3	42486	29336
8	281256	14209
8	134383	18561
6	101820	24033
7	64973	22721
9	212288	14172
1	369307	21869
9	294422	10807
4	492355	9979
11	315018	5806
4	110697	26353
13	13186	20514
15	164183	7172
9	478081	500
12	491170	500
9	448438	858
9	438464	836
11	499804	500
4	474468	6947
5	114390	26136
6	98649	23288
3	125419	26316
15	388029	500
5	374283	14465
1	279913	26324
1	59088	33511
8	301311	13431
11	431609	3418
6	166616	22635
6	333825	14214
6	458273	9299
8	151087	19241
18	31367	7851
1	324210	19215
1	308043	24266
1	443678	10461
6	343534	15938
10	195715	12601
7	344709	7590
1	242018	22703
3	396915	15613
12	222553	10333
8	474633	500
13	475118	500
14	334730	1718
13	260316	7967
10	447142	1919
10	350034	7639
9	259234	12396
12	467028	500
9	348323	7807
3	370969	16427
6	151378	25952
8	463072	2678
11	265734	12555
7	245349	14303
1	358044	14681
9	115811	21761
13	35003	19261
5	110251	26869
5	382804	12901
12	44017	18116
7	487726	6289
1	39026	36502
5	418397	11765
8	174505	19920
7	323542	13971
20	441795	500
7	349601	8860
1	50581	35335
6	246180	16536
1	432765	15786
12	485127	500
10	100126	16788
11	128354	21346
1	157043	28685
13	126268	15694
16	214124	4088
13	124078	18810
6	438832	8783
17	142946	2782
12	318150	2558
10	43288	25783
7	145408	24521
15	454933	500
1	188267	27018
5	29369	32465
11	393320	2933
1	315425	24199
1	476048	10806
1	270648	24118
5	199805	20590
4	493151	11369
7	405562	8394
1	125292	34666
6	137131	21937
9	24824	25169
1	35968	34167
18	456551	500
5	483506	8462
8	15136	25534
5	76982	26454
10	164518	19166
3	212091	21831
10	75953	22347
6	40885	30099
16	113166	10645
11	318736	8518
8	263375	15548
7	93584	23459
11	78615	18741
9	64805	27235
6	73285	25719
18	210406	1232
3	159247	29119
7	341274	16022
10	439562	4532
4	162589	21260
7	354793	11330
3	161353	28759
6	374622	12716
15	363094	500
10	191376	16200
8	108936	20460
13	232365	7810
24	459227	500
6	137912	21527
6	294472	12462
10	448322	500
13	159174	13722
7	153815	19279
13	70662	16452
7	55061	27982
15	198405	5558
1	450834	13398
11	74309	15201
8	71683	19166
8	82422	24210
14	47728	10134
6	476241	8443
3	418132	14243
8	98863	25646
1	74468	33128
5	168060	23922
3	498727	10088
9	290703	8556
8	429472	3438
11	41012	22654
8	62279	25631
4	76316	28559
7	78331	23538
10	46367	23462
7	460072	6152
9	399982	7614
8	89091	24251
11	51019	17839
9	425739	3642
8	338082	11155
10	337368	5359
7	260755	16683
6	453555	8610
15	134337	10131
3	490009	11617
1	2671	33601
7	345326	13902
10	212019	12428
12	443501	500
10	450365	500
1	289113	26999
8	84832	23508
19	365399	500
6	212455	21019
11	277863	6825
6	427991	9403
1	93471	33346
10	283092	9497
12	257362	9266
8	355232	11613
9	291859	10349
9	72798	22129
8	241335	15157
1	259921	24831
7	273691	15614
14	65445	15392
11	23228	19485
4	481732	9847
5	317149	15696
15	351029	500
15	244570	1825
3	33166	32388
16	277704	500
1	335018	18963
2	98194	29187
3	368995	18299
7	428390	7482
13	294426	3672
2	78922	30147
17	61742	5339
3	174278	24998
3	345599	18604
1	497139	15477
2	449497	13013
11	42294	23839
3	499651	10941
8	309167	14386
8	101491	24915
12	44576	20618
6	323295	13789
5	101672	27023
13	367975	500
13	108176	11829
9	121752	19461
6	320928	17250
5	162080	19778
4	114023	25252
7	110519	21051
11	85213	19757
6	28474	31028
13	154787	10343
12	493682	500
6	375810	8170
10	41444	17529
5	199149	21619
10	66230	19686
1	39985	32180
10	374227	5463
8	12510	25155
10	122158	20491
17	203395	3270
9	363338	9112
10	131448	17864
14	98869	13394
14	165015	5355
14	420422	500
12	121083	14750
1	258793	27059
11	436793	1451
2	200746	25581
9	98943	24700
1	195069	25512
1	84308	35676
18	70845	7476
9	231090	18795
8	459627	2322
16	359598	500
1	80344	29383
10	124869	19760
5	98414	27254
4	435758	13346
1	479618	14253
6	313230	15691
7	263480	18332
13	395089	2957
1	221486	24734
6	337060	13598
6	4494	30973
1	231374	25612
8	115190	18558
2	45150	37451
1	477559	16932
6	112241	21841
6	14704	29607
9	115417	17757
16	180944	6362
11	376772	4393
14	145132	14029
7	370276	10610
7	374501	14680
7	7260	28741
14	335164	1589
11	413863	3099
4	164079	27832
10	150592	12321
1	370321	22469
7	300683	18065
16	111168	8693
18	219889	500
15	359352	500
6	195553	20894
13	3041	16600
12	62334	12423
8	283538	11529
10	224117	17365
9	33724	22270
18	224639	500
8	81263	19493
9	36122	24337
13	440289	500
7	495161	4825
2	249367	23002
9	164161	16189
3	85307	29441
11	251863	8001
12	300238	7363
11	450206	500
13	213561	10813
3	205070	23552
5	353439	13525
7	306258	14955
9	16365	26831
9	203649	16918
8	317832	13149
6	309704	12413
7	443951	8342
9	13428	27231
10	348870	6323
6	85424	22275
4	434960	10213
4	41303	25645
10	405579	1492
1	39555	36716
9	93013	20161
14	172943	9268
4	324032	19767
13	214598	4638
9	112246	19144
2	362853	19490
18	174813	3840
13	185846	9903
1	308821	23537
12	451005	500
8	219401	17433
9	439833	2598
12	251024	7039
16	22561	15451
8	463919	4999
4	207375	25398
1	184970	29670
10	246335	9519
10	356278	5247
4	230033	21100
18	246449	500
15	300941	500
9	447935	500
9	82062	24413
12	113535	13867
2	173517	27100
4	226922	20097
11	467575	500
11	238935	12634
4	485504	9380
10	138462	17279
1	55312	36264
7	491475	6037
14	263328	6585
5	195931	20927
13	389025	2727
14	172119	9255
1	133238	28670
13	127706	11906
3	465403	11082
14	390492	500
10	110972	21741
11	499752	500
6	397672	11261
11	435738	2190
10	143072	16612
5	458148	8947
1	186870	27188
6	84895	27832
15	275220	2145
14	296140	4998
1	26715	33824
1	314912	20621
5	180748	20516
17	209242	3564
6	416214	9540
3	191895	24897
9	169879	17904
6	131373	21888
10	331635	9334
1	309537	21822
9	273464	12762
14	14	17386
7	33511	27410
6	439056	6652
12	241643	10458
1	471039	13470
1	487228	11390
8	321804	14687
8	355067	9813
7	222252	15501
9	362470	3963
9	97832	21247
8	374190	10746
5	408801	12459
6	25363	24829
15	420390	500
7	71524	26930
6	484230	8653
11	373038	4029
9	491746	3196
13	107750	16448
1	366410	18025
3	149995	26412
8	52875	25948
6	187681	16422
1	47446	32170
17	150884	6978
1	318462	21711
5	319685	13115
1	407539	16156
9	93554	17564
4	401273	17088
11	289261	7722
11	197754	11521
7	162832	16774
10	110840	20461
1	112711	33741
7	226713	16824
12	114304	18555
8	188183	22030
5	390500	12373
5	165782	26448
3	344866	18226
5	311759	17748
9	401629	3133
12	460341	500
8	95809	22957
7	212765	14944
1	118894	30944
6	224996	17659
13	138725	11524
5	474565	8165
11	270280	9055
1	367599	18146
2	142329	26952
11	140742	18744
8	147346	21625
13	414532	500
4	430693	16080
13	161456	13722
1	476708	13375
1	238126	25059
2	159385	29251
7	57190	25257
7	375580	7983
8	109541	23502
1	247158	26858
8	341162	4708
4	439917	10249
3	389559	14300
14	409746	500
1	87706	37716
1	117335	29658
8	460096	5757
14	427405	827
19	62347	5767
1	332972	20613
1	232123	29175
5	386103	9257
8	375297	9250
1	363679	17315
3	169998	24555
2	165682	23958
5	446336	10328
15	74686	12448
13	490389	500
5	204738	23316
12	476732	500
6	147913	22470
6	26764	28603
3	40795	31476
4	302258	18542
12	46196	17110
17	99222	9813
6	331434	11328
10	114055	16008
6	60817	27924
3	277734	19864
6	426989	8533
19	319395	500
4	105340	27095
12	91061	16077
4	165749	24907
1	18609	33724
1	186151	27380
11	330984	6843
10	269331	11252
12	182189	8995
6	361191	12087
6	133246	22913
12	308686	4882
7	83394	25476
6	57711	26109
5	408210	14622
15	339146	1466
2	249404	24023
3	135521	30153
15	171554	8011
8	459525	3784
16	319008	500
5	496	27284
10	362803	6203
10	139939	18693
14	41818	15573
4	408665	11423
11	321197	4604
13	134791	11012
2	322641	17613
1	395828	17448
6	131196	24798
4	492751	7377
5	326719	12435
4	404706	12796
8	192462	14033
11	272263	6778
4	282577	19107
14	255289	4113
11	7211	21020
9	479036	3178
5	240197	16654
8	464516	6757
7	259315	13998
15	318464	500
5	336050	18757
5	35391	28572
9	133295	19114
8	125710	24019
7	197166	17998
1	361045	16081
8	136036	19899
1	323512	22162
20	104266	1449
5	305063	19523
11	274453	7359
7	342748	7872
10	166118	15501
10	261102	12057
12	424695	500
1	370409	16013
7	134344	25020
12	459180	500
11	101063	16876
4	16477	32414
11	403567	4219
9	282197	9956
10	457486	1776
7	106378	24925
10	55244	22185
1	185977	27867
11	285810	7609
11	13909	18517
16	258807	2597
7	202560	18409
15	78167	13059
4	428858	12287
6	448347	6991
19	403558	500
1	239466	23579
15	159249	7818
3	402311	16039
7	64357	26411
1	27487	38325
15	301201	1753
22	226339	500
5	323833	14740
7	381709	9302
10	228547	11609
10	265776	12289
11	80812	20707
1	493479	7553
5	368381	13977
8	460145	4989
8	18027	26878
4	369950	14023
11	163758	12172
2	177540	26447
4	206582	23493
1	20051	37435
16	389304	500
12	112734	13841
12	352630	4219
12	83906	19189
12	284452	6544
13	92216	14781
11	415974	2899
14	162083	12378
1	409763	17564
8	226085	14816
17	364067	500
4	49615	30218
4	152644	26962
14	85486	12743
15	115567	8453
5	304785	16145
8	131555	18755
5	411590	9561
11	421220	4997
11	431994	500
3	359289	17476
9	328254	9497
10	461520	721
12	462763	500
13	238725	8993
13	187631	12013
1	216284	27187
1	95782	29445
17	74268	12599
8	319576	12596
2	211744	27106
9	39044	24838
8	6997	27522
9	305410	7816
5	63315	26504
8	90768	21823
8	28151	26356
7	486684	3629
1	283518	19827
1	357625	18885
10	404269	3663
7	195577	16865
12	460468	500
13	89013	14359
21	302413	500
4	301746	15198
9	204884	14032
10	473629	5163
14	171720	9599
19	394753	500
10	483617	2766
12	110347	16866
11	488938	500
19	336085	500
9	356822	7244
5	160554	24621
5	117626	26238
11	417123	2055
6	373390	10862
8	23205	26538
9	456183	500
1	113708	31127
4	386548	13948
10	297486	10630
13	45005	20459
1	310121	22131
11	487718	500
13	221447	6113
1	245447	23004
8	317475	8524
9	420109	2494
9	53718	22506
9	203718	17124
3	318128	20762
11	292741	5380
5	223182	20899
8	196539	16743
14	188071	6892
4	23247	33560
7	433538	6971
6	81963	25685
8	479827	3377
7	224929	15326
14	330980	2238
6	230986	17677
8	10108	27890
1	160766	28573
7	127080	23913
12	281638	9120
5	399381	13474
4	402137	12230
13	385487	2444
4	160508	26106
3	222168	20754
7	47421	25955
2	96404	33698
4	296575	15847
2	366208	21513
14	375167	500
19	375546	500
5	152588	20793
4	81226	30749
15	415364	500
2	352949	16671
3	455344	11545
10	435786	2924
3	77404	32129
3	292174	21823
7	296342	14310
8	262010	13108
1	281374	25366
10	245131	13072
6	284451	17471
3	5385	35458
12	82244	16752
6	33072	31244
10	93110	14994
5	261689	18756
8	495021	2822
16	143434	9499
4	22153	29641
1	496718	14660
16	124949	7980
12	182305	11797
1	10890	37935
1	191042	25947
8	403362	7285
1	217225	23018
1	179563	30734
12	314540	7601
14	455015	500
12	342235	3743
18	478891	500
12	388148	3017
11	196388	13763
6	460216	9308
4	373834	10931
1	150565	26690
13	446823	500
5	76950	25552
4	229500	24968
10	47229	23942
14	44044	19157
12	317057	6436
17	378216	500
4	290637	18249
2	84954	32846
13	373345	500
6	97531	26889
8	198092	19939
8	437580	3056
16	354001	500
1	419364	16861
3	65700	32138
10	453132	500
11	73591	19160
7	270689	13678
6	457862	7336
1	70076	33607
10	382345	3168
9	395010	6039
12	220192	11060
9	60044	22610
9	496769	500
3	300506	20985
1	192311	23703
3	306923	21853
10	188229	17522
12	386668	500
5	240983	21621
12	249425	11316
12	431221	500
6	329380	14090
8	165994	14478
7	109295	26478
13	273528	4449
7	3194	27295
7	25358	26029
12	252529	7720
1	242066	26334
7	466205	5589
12	219892	14147
3	274149	23265
11	49537	20456
8	346720	8775
14	435943	500
4	274246	21406
2	386493	18493
3	231862	21157
13	412103	1246
10	193368	15968
1	281471	20680
1	294146	21419
3	113903	27748
6	384329	8556
17	93611	7922
9	398581	5342
11	148434	13888
5	496560	9276
8	455765	6471
17	26220	12286
1	45340	35634
9	158826	15907
10	472264	1870
11	171813	14166
4	329294	14507
12	230914	9524
17	376480	500
8	187360	15965
3	192575	24039
4	241086	19480
8	495937	500
7	286483	12912
10	302670	6270
11	426212	6045
1	6050	35571
5	376756	13421
14	393087	500
7	469741	3221
13	190147	6533
15	146637	9579
2	88137	33035
10	321313	7224
14	494841	500
16	357603	500
3	336727	16701
3	259191	25213
1	419104	18685
12	38192	18930
15	82967	14286
11	251266	8479
9	212255	12918
15	398749	2734
2	113054	27583
9	58673	24950
14	178157	12820
8	202025	17799
10	323582	9941
7	402307	11515
1	298282	23557
16	320316	500
7	126858	23366
14	121960	8910
12	374011	2185
6	156302	20636
1	431317	18621
16	15892	15507
7	144670	20640
11	124454	16727
6	383378	13151
7	392072	8073
4	226163	22510
6	24965	29220
12	94401	14365
5	50611	25848
13	387565	5095
15	194367	4514
10	348848	3948
12	151210	15157
11	71191	20066
7	81345	25272
15	328715	500
10	30279	21910
6	7841	28041
4	52666	28403
1	146997	30983
12	242248	10350
13	140097	12154
3	411004	12496
12	359551	3384
1	368516	18670
1	452373	16773
7	361619	12461
8	310021	11641
5	157685	26556
6	212386	20341
1	4027	37027
1	9694	34499
3	210392	21718
10	103003	22163
14	419853	500
3	428092	12622
4	244116	17465
5	230274	21052
3	54343	30865
8	458384	2391
8	295784	13340
8	467785	5679
7	406257	8309
2	108780	30443
1	266323	23930
6	173744	21752
10	479395	1243
8	198312	18280
10	218726	12718
13	148774	12316
12	217795	11901
15	47327	15594
12	332462	2272
8	405885	8928
10	81089	19104
8	393827	3974
15	304403	500
11	268313	10728
2	423893	16411
11	438870	500
1	350873	20936
3	315865	17857
6	259469	16158
4	231826	20740
7	413569	7514
13	351091	570
9	68406	22192
7	302130	12867
9	378286	2513
9	455821	1646
11	270876	9138
5	482177	6852
2	20756	35764
7	327905	12511
13	460437	500
9	212658	13391
6	155779	24436
6	383728	10104
15	51286	13490
19	438587	500
8	72229	23801
9	206953	15662
2	231737	27946
14	72606	14173
14	203919	6922
11	471872	500
16	160906	5408
1	188961	31305
10	447402	2031
16	196573	7063
5	207953	20414
9	267812	9430
4	27868	34622
7	210671	18789
6	380984	8456
2	99521	28279
9	11434	26067
1	187696	27953
16	196453	1541
12	163808	12505
7	364304	10099
9	464353	1597
6	167638	21809
1	276998	22186
10	273933	11126
5	103324	26991
4	256681	21002
10	173763	16246
3	253549	20621
4	282390	18798
11	270590	11254
10	277988	10838
4	75114	28742
12	284999	4369
2	240023	23702
11	417810	500
2	464248	14390
12	304670	5532
11	413252	2503
4	275428	17467
16	206211	5246
9	24895	24509
17	340169	500
4	149636	24861
7	248545	16673
2	429408	14702
11	199367	13220
3	217757	22507
11	281644	10609
3	313618	17375
2	487007	12526
4	106764	28845
8	236268	13703
1	52998	33347
16	159975	8412
1	252202	22754
14	207700	7112
1	257875	22725
9	36832	22910
6	489330	6853
6	456361	6987
7	28743	25648
6	130708	23951
13	439625	500
3	287738	21178
10	355030	3589
8	110646	23159
2	22791	34164
3	12602	33434
8	136045	18683
4	34697	28493
5	439681	11509
6	437949	4389
8	136416	17834
9	70072	23106
10	440093	3348
13	397444	500
3	120045	27827
26	167851	500
6	165141	18851
18	463808	500
6	15211	27708
17	337578	500
12	101963	14607
3	102457	33471
6	461508	8759
8	43307	24011
6	457698	6687
5	104971	24331
7	22480	26714
8	441883	4597
1	356036	20034
13	355878	500
9	384923	2769
5	248954	20458
9	401474	4989
11	250923	9861
6	156081	22019
7	369943	11272
13	98559	16870
9	343618	10465
9	33769	23908
7	464517	6568
2	355163	17704
15	438025	500
1	499602	13808
7	241372	14286
6	234625	17774
6	409169	10112
9	61569	26922
2	317380	20570
3	123992	28327
8	284702	8749
9	90058	23343
5	241978	19258
3	375233	17594
1	211107	26901
14	126464	11318
4	498173	5591
9	227831	15558
10	346434	6573
1	114038	29135
2	210219	23531
15	445259	500
12	347987	7011
15	351538	500
9	82662	24985
13	267463	1873
1	174174	28449
8	309608	15357
20	148422	1995
5	304695	14549
5	68156	28907
8	382785	8645
11	310927	8215
11	235239	10313
5	109848	27899
1	439822	13623
1	316999	20793
12	440521	798
1	310945	23084
14	48841	13524
13	296569	4832
1	436192	13208
1	198562	31066
13	203933	12199
7	246017	19525
11	328821	8252
9	134534	20927
5	477064	5021
3	169567	27968
6	186223	22122
15	311200	500
4	495463	9593
18	313694	500
7	116027	22001
9	370838	4118
1	292545	21622
4	228885	20652
14	467105	500
5	36601	28743
15	168265	7805
9	156942	15994
9	26540	23287
2	475904	10219
7	349991	11833
13	78469	14955
9	219432	13181
18	363010	500
7	223428	17798
6	91415	23090
14	301952	5110
1	487151	11514
8	57522	22249
3	204221	23281
16	337184	500
5	222037	19455
13	432974	500
9	280141	13490
11	173862	12254
5	47181	29112
5	212738	20190
11	295769	6840
16	149790	6994
13	333296	4069
13	69992	16506
7	303478	14341
7	99411	25162
12	493736	500
6	380160	13075
3	176125	25138
8	402849	6938
9	47676	23407
12	82805	15955
1	19186	37321
12	146219	13947
12	437731	1414
8	459961	4170
13	312725	3624
8	231631	14377
6	84478	23119
2	309916	20198
6	136513	20931
3	263786	21831
12	246380	6941
7	143948	24549
16	143908	4618
5	105596	26634
6	55572	26774
1	266446	23232
10	370300	4680
15	290892	2796
12	281421	7974
7	131651	18099
1	300579	22753
6	70354	25915
12	129456	16175
5	448963	8829
10	115635	14016
6	387977	9183
11	416038	3179
7	193555	15995
4	9299	30234
9	217249	14524
7	131717	25178
7	199811	18343
9	200194	14805
8	298990	14273
9	138998	15829
13	157151	12622
6	391587	12652
5	234490	15034
1	232207	24000
8	187123	19822
7	274165	14445
1	351248	20594
18	177729	3756
5	21027	28671
3	376940	12726
11	441283	500
3	433644	14734
5	276998	16799
5	129920	25866
6	466871	5699
16	148693	6769
5	209981	20716
8	22843	27825
9	257574	11414
2	111567	29693
13	80177	15472
14	65325	17712
8	295679	9778
6	202160	20157
1	248802	24488
11	114688	14684
6	228724	17800
13	4104	19089
18	332584	500
5	143450	27416
13	320896	1417
13	63501	15066
11	307250	6578
13	159823	10667
6	16267	28269
1	493185	14644
4	120724	22596
6	124014	25101
3	441697	16653
10	236544	13946
4	362637	14175
7	456043	6795
18	403087	500
15	57736	14133
16	483940	500
1	51106	38421
8	85047	19875
7	424035	8208
6	376438	9939
6	473097	9045
7	369886	9110
5	108654	23599
11	206481	9961
12	19380	21371
2	35058	37060
10	165935	17609
10	263724	12605
3	366861	15852
1	167014	28527
1	313789	23020
5	191954	18712
11	109123	14676
14	124847	11361
1	353577	15025
1	77480	30699
7	259551	16367
8	415378	3519
7	242580	16020
5	293361	13542
10	103786	19214
1	72613	35570
4	293534	19333
11	391368	500
15	188675	7904
6	101601	26809
11	441824	500
11	491991	500
2	404775	12321
7	137721	21877
5	129841	29431
8	115224	20664
10	455302	1884
9	159861	18464
1	426145	12105
1	152101	30132
13	266698	8079
2	149378	29968
1	277370	22701
14	137836	8731
1	343564	21391
3	99147	29451
6	229700	17911
9	476269	3095
12	326242	5775
13	440750	500
17	5705	12498
7	475263	5443
14	279169	4838
8	297263	11416
14	208050	5686
17	9978	8985
19	455083	500
8	444798	4957
2	49322	33153
8	354327	8996
4	305749	14053
6	34101	31946
11	231513	10258
11	70556	21697
9	9358	24956
2	447766	15089
6	318684	17054
3	57362	31078
14	387982	500
9	136249	17374
4	448791	8913
6	454900	4952
11	353421	4052
2	393304	16077
13	493460	500
5	85847	27019
7	236299	16801
10	107696	21717
3	273784	17152
13	457714	500
3	490848	10938
4	415062	12852
8	237348	18396
13	496571	500
9	285817	9133
12	240691	5174
12	472958	500
6	17358	28333
1	281027	24649
5	33899	32494
5	84476	27005
1	354129	24188
3	156617	27895
10	373398	5780
14	100750	13161
14	378967	500
4	485700	8594
1	65749	34662
12	212795	12612
12	282842	2618
6	102025	23962
13	39799	20970
9	51923	20666
5	487753	4941
11	28707	17409
7	361885	10300
11	43280	18539
2	314827	18294
11	475319	500
6	160381	21300
4	195412	26936
20	140255	2684
13	79253	17858
11	450514	500
2	342980	19019
16	480821	500
1	323907	18756
6	149231	23130
8	243457	14071
2	262811	24694
16	372537	500
12	73652	14795
9	88007	21315
10	431264	1122
9	92358	20740
16	350692	500
6	261499	18739
8	110432	19521
12	478406	500
5	343032	15890
11	56846	18551
1	400869	16191
12	117940	17615
15	487440	500
1	407933	17359
6	263232	14676
8	122289	18754
14	438788	500
17	320997	500
11	303695	6033
11	402365	5423
1	13833	39625
1	444534	11487
14	126026	10970
8	16603	25989
12	34536	16994
1	235104	27698
20	237984	500
19	197740	1140
11	53435	18483
19	481089	500
4	61988	33473
8	143978	19571
4	220163	21143
4	11551	35825
13	155429	11896
8	141968	23468
6	22662	30943
3	215933	23980
4	82383	24479
9	255054	11001
12	180146	11300
10	85982	24881
13	275176	4133
11	259364	11007
14	84991	14982
10	499914	627
1	377365	17638
6	185111	18213
3	250440	19241
5	224196	20274
18	77620	10146
10	126192	17795
15	55146	16830
14	428064	500
6	186430	20965
7	122860	20450
11	197110	14755
5	300599	17123
7	363347	12494
8	274049	12693
1	352901	18985
2	325667	19521
3	132240	28704
8	257984	15459
5	391340	13892
7	440086	6361
4	439257	11823
7	152714	22281
14	418427	500
5	27283	28680
5	272767	20183
15	8121	14755
8	336176	8234
6	127312	27861
1	367032	17637
9	199019	17601
10	384613	3731
2	415585	12136
11	126002	16822
7	114212	23770
6	240547	18702
21	388866	500
11	224152	8188
7	486784	5215
8	202454	17909
1	469290	16020
8	204928	16994
8	37779	25590
8	498988	1774
9	35213	20308
9	338498	7203
8	485001	2188
4	278361	20743
9	139879	16846
10	471836	500
21	26121	5656
6	175125	20368
7	328319	8309
6	310617	11504
2	125213	26760
16	228881	1784
16	30109	13019
6	41061	27867
8	79925	23525
3	49080	32889
8	99369	22246
1	346756	23013
12	380469	1682
9	239748	11933
4	283921	16579
9	199279	13867
1	249495	25070
12	497469	500
5	309679	15578
5	205247	18995
1	441094	14957
5	493155	4419
3	417798	13985
5	188635	22096
6	489676	7980
10	188702	17755
4	302816	19677
8	21957	24933
8	341563	11119
9	243902	15142
1	117657	28895
10	164647	13392
16	453058	500
9	401302	4819
14	136866	10639
17	40992	13431
3	62724	32282
7	493539	4314
7	219269	14929
10	220761	11563
5	296027	17215
1	88343	34668
8	469963	8680
14	406033	500
15	68438	14061
14	143313	11716
10	291385	11268
16	70803	10558
12	43273	15664
4	105874	27222
16	382638	500
8	463485	3403
9	496969	500
12	16491	23254
14	139360	11876
10	25074	25102
4	16829	31805
12	37761	18175
10	239916	14232
7	444905	6850
6	184055	20958
1	418297	18521
11	348851	6715
13	210827	9687
1	438715	15831
1	255251	23153
3	377524	16026
18	200242	906
4	409388	12823
11	98722	18799
4	110929	25709
8	135749	15498
6	39897	29747
8	359106	6184
16	338530	500
1	402415	18193
8	40751	26349
7	232289	16093
5	179991	22425
16	236491	5848
15	36670	15595
9	480706	4856
15	205884	7079
4	190181	22597
10	420890	795
9	147116	14646
11	446468	500
7	191491	19585
9	296548	13756
18	475404	500
11	345227	5028
6	240251	18507
6	266176	17269
5	69576	25245
6	343271	10064
1	142121	31267
4	124965	27073
1	61004	31060
9	58211	22451
1	255524	24955
11	250400	7684
2	429337	11366
9	336198	7722
12	118918	15837
8	439181	6025
1	237259	24675
8	352068	10342
4	31652	31565
14	256117	3194
8	425987	4005
5	434362	11637
4	241882	20256
11	204806	9049
1	468328	14415
13	313977	4615
11	254399	9221
3	25234	35497
16	395426	500
8	1418	24363
10	99141	21308
10	32220	23889
1	431781	15989
14	221045	7492
1	103408	33158
10	440132	500
10	437507	2227
4	314035	20595
14	8755	17165
2	406780	17028
13	43280	17880
14	149989	10498
12	47942	20810
7	202637	16967
7	448682	4384
7	23775	26600
15	264837	4276
10	244051	14319
5	431422	8458
6	340555	12192
9	398488	7174
11	305339	9491
12	190336	13109
10	33518	21088
8	200154	16761
2	151278	29104
3	39653	36868
8	448833	4552
5	494423	5756
8	132837	22140
8	239726	13292
1	122175	29534
10	2567	26741
10	369227	7347
8	44701	28702
16	354818	500
6	8615	27946
7	467018	5985
3	78512	31562
12	176156	11333
14	55073	16271
3	445618	14853
8	457706	7511
4	186632	23529
5	214303	21069
14	23559	15783
5	218997	18346
8	39463	23308
6	338529	11828
11	82820	16570
3	172527	28163
1	476786	14171
11	372284	500
5	121072	24822
1	459359	11492
5	8970	26890
14	449366	500
1	204308	22870
6	196318	19701
12	331322	4903
1	7345	39400
2	333606	23367
8	309490	10201
5	332394	14156
10	158310	14609
5	289177	18107
16	103601	6800
13	426328	500
13	466497	500
13	260290	6731
5	181230	20037
8	107256	21438
5	99264	30519
17	25858	8405
8	64466	25115
12	348105	4622
8	485565	3051
4	1763	33879
1	338768	23047
13	114086	11418
12	268276	6749
13	73414	14065
2	485209	13564
15	13425	15627
8	221335	17416
8	424676	3486
16	90621	8605
1	136239	32737
6	109371	25434
15	52014	13269
20	185377	500
15	238341	5123
12	85863	13857
6	289302	18104
12	374903	4441
13	404121	500
10	362200	5501
6	334192	12515
8	155506	16941
3	26600	32363
1	130158	33645
17	104901	6193
10	346155	8450
13	343870	3140
4	303533	18593
2	47747	33264
1	175741	27928
12	263126	8190
3	25702	32048
21	251177	500
10	110139	15555
14	336467	500
3	155726	24838
17	357300	500
7	117678	18332
13	396949	500
13	436728	500
6	351418	12788
15	251448	3880
10	480236	500
7	128025	23641
15	73877	14547
5	172823	18971
9	470514	500
5	497778	8151
2	328062	20704
3	335393	18050
8	167388	16465
10	205590	16144
13	230071	9700
7	298587	13588
14	30576	16530
10	53573	24001
11	447442	500
2	197186	25938
10	74667	19660
11	354483	4464
13	3095	20555
6	383096	10093
13	394247	500
10	9024	28064
8	24224	28664
15	15516	17917
8	226734	14351
18	494288	500
8	298985	11533
5	33699	29779
16	90587	10971
11	406961	4542
6	336080	11623
4	390858	14130
7	363829	10379
4	46588	33332
15	285597	4620
8	309257	10624
7	268084	16458
12	395802	1702
2	290195	23074
15	16354	14714
9	28524	22454
11	180534	17494
2	118650	29479
1	36400	33824
9	340439	6318
2	80115	31981
9	446915	2562
11	362957	2919
10	312146	10212
17	450980	500
13	29701	15814
3	378857	16148
7	376879	11598
1	371485	19522
10	437439	3517
5	369866	12396
1	422710	14529
7	372074	11137
10	77098	20302
2	330873	19907
17	34202	14135
15	158038	9466
1	341600	18935
1	466430	11743
11	135030	17943
5	297472	17213
12	203088	12275
4	220106	22108
4	124667	28416
10	231804	17476
1	267665	25158
8	395892	7668
6	13372	30042
3	105319	27691
5	76288	24803
2	450313	17024
5	125117	29614
8	72174	20292
4	358268	15229
4	400217	9753
3	46952	30447
13	341889	1468
1	483609	11343
1	198833	28581
9	40660	21518
1	31818	37632
4	248218	22521
8	496983	500
12	489631	500
12	335166	1846
14	157951	8806
11	306230	9574
6	459318	6874
6	380407	10396
13	463604	500
3	43403	35671
9	356418	9432
15	293808	500
14	186898	8550
3	346459	15669
6	224032	18780
11	489922	1874
7	294919	11775
9	194618	16975
14	341301	500
10	490668	958
15	270165	631
7	293930	12092
10	435190	678
6	367670	11429
9	358707	11346
8	125510	22748
6	369706	13886
8	129385	22124
1	461158	15129
5	458093	8512
9	38803	22771
7	126921	22900
9	299111	10673
8	260155	12816
14	269684	5696
12	109578	15021
3	318749	19633
1	169575	30234
14	452965	500
9	78647	22283
11	448103	500
5	76189	25814
9	222103	12445
5	403327	8160
8	195891	15938
11	440028	500
4	475462	7978
15	211257	4113
11	269482	9727
7	345729	10395
5	459745	9217
8	62686	21676
5	408581	12122
4	210580	16409
6	44669	28010
5	299027	16484
4	228532	24402
11	331673	6433
1	280158	25199
10	157943	13639
1	471058	12773
13	256935	6200
7	408695	7628
12	372942	500
9	484631	2580
7	360302	11075
9	267421	14115
7	284547	13477
2	400242	15029
10	39675	23860
7	343749	8712
6	23090	29667
1	435347	15287
14	392289	500
6	400560	8848
10	301910	11139
12	185379	11346
10	70693	21031
5	43723	32209
9	422451	2092
7	341157	11208
9	454315	2716
9	73639	22973
2	491612	10679
8	301437	13099
10	465770	523
2	461526	13564
10	258356	8693
2	199057	28150
11	43979	21387
21	307712	500
1	459293	17064
5	187542	22380
7	55691	24887
12	9764	17161
14	369347	500
3	364952	16825
10	286915	7684
6	220228	19468
10	460000	2340
3	404153	16976
15	440846	500
8	35468	25788
16	223118	3420
4	35839	29577
10	265697	11285
10	382363	4537
5	293926	18725
8	157150	19791
4	291863	18526
3	151027	26375
7	198239	18038
4	400270	12991
13	206199	13015
7	341014	13054
15	216966	2376
13	421633	2086
11	267553	9420
4	493623	5508
5	486408	11963
6	270537	18513
11	283379	6796
8	323368	11118
16	446631	500
8	369591	6983
13	117046	13226
6	485372	9461
3	50461	29814
3	94004	33421
2	434219	13640
1	151660	26187
1	348218	16683
10	148789	14528
5	223145	21918
11	270693	12335
20	102699	5207
8	181353	16712
4	342187	18627
4	409401	13646
8	301516	8139
4	334805	15264
9	15311	23380
4	197574	23136
1	439985	13964
1	259765	21946
15	310874	838
9	132115	18655
8	295881	12680
9	76485	21784
17	361919	500
5	440318	7563
4	271962	18089
6	199866	19600
10	300279	11201
18	340482	500
7	371638	8730
1	452967	16960
1	425360	17023
19	267747	500
10	122282	22351
7	361638	11451
11	98657	17567
6	18692	27062
5	387988	12562
6	237009	23080
11	379571	3652
8	403711	8190
1	319523	22910
4	57064	28653
7	41772	26032
3	260454	18953
8	191172	20737
14	221064	8258
14	307094	5979
15	118527	13633
1	130174	32245
1	167428	28955
9	10839	25658
11	347105	6660
16	133312	9245
9	148627	21058
5	287951	18168
16	442545	500
6	58648	27185
6	127647	24479
11	409472	2884
8	355881	10487
15	222022	5301
20	154059	3781
11	33172	22626
3	110118	26539
4	274351	19330
8	374803	8617
8	63267	23456
12	77040	15119
3	86749	33094
1	396896	19344
8	228581	19148
11	388905	500
5	476943	5780
3	211974	26555
18	194267	2448
10	297270	5219
6	439737	6791
7	52943	25946
5	102728	26078
7	336226	13289
7	90109	23795
10	389069	2522
8	32422	24739
6	253835	22529
1	24017	37415
11	491111	500
16	45047	12598
11	491306	500
7	381668	9763
11	345645	4839
11	141639	15598
15	69015	14584
5	360505	11852
17	477931	500
3	350992	14548
9	326464	11273
14	78199	12747
8	257181	14592
1	374535	17010
9	440966	4460
4	489563	12849
3	238959	21562
7	471831	4246
7	131979	22828
12	120895	14595
13	154104	16647
12	91551	14001
1	495608	18316
8	38956	26030
1	254381	21681